0,0.0,0
1,0.0,1
2,0.0,2
3,0.0,3
4,0.0,4
5,0.0,5
6,0.0,6
7,0.0,7
8,0.0,8
9,0.0,9
endOfNodesLoading
0,1,101.0,2,102.0,3,101.0,4,101.0,5,109.0,6,102.0,7,102.0,8,106.0,9,105.0,
1,0,101.0,2,104.0,3,106.0,4,109.0,5,106.0,6,107.0,7,101.0,8,115.0,
2,0,102.0,1,104.0,3,104.0,4,110.0,5,113.0,6,105.0,7,114.0,
3,0,101.0,1,106.0,2,104.0,4,105.0,5,111.0,6,114.0,
4,0,101.0,1,109.0,2,110.0,3,105.0,5,116.0,6,111.0,7,113.0,8,122.0,
5,0,109.0,1,106.0,2,113.0,3,111.0,4,116.0,
6,0,102.0,1,107.0,2,105.0,3,114.0,4,111.0,8,109.0,
7,0,102.0,1,101.0,2,114.0,4,113.0,8,129.0,
8,0,106.0,1,115.0,4,122.0,6,109.0,7,129.0,
9,0,105.0,
